02480212
02480285
02481270
07374526
07374527
07380251
073745253
073745257
073745258
073745275
073802375
073802512
073802516
2951190901217
291929089562600
292952089453800
295124089542100
295501090190400
295827090052800
295906090054200
300009090051600
300026090050800
300034090055300
300127090045800
300128090045800
300034090055300
300602090375100
300722089150100
301001089442600
301104089253400
301141089320300
301324090382400
301429089145600
301527088521500
301849088350000
301912088583300
302318088512600
300904090075200
